{
  "experiment": "E-27c action-probability diagnostics (saved models; no retraining)",
  "obs_grid": "P(bear) x prev_ex x dd_state = 6x3x3 = 54 points",
  "heads": {
    "dd05": {
      "mean_max_prob": 0.2044,
      "mean_entropy": 1.6093,
      "max_entropy": 1.6094,
      "argmax_varies_over_grid": false,
      "leaf_action_probs": [
        [
          0.1964,
          0.2045,
          0.1991,
          0.2025,
          0.1975
        ],
        [
          0.1964,
          0.2041,
          0.1989,
          0.2021,
          0.1985
        ],
        [
          0.196,
          0.2045,
          0.1989,
          0.2029,
          0.1977
        ],
        [
          0.1953,
          0.2042,
          0.198,
          0.2059,
          0.1966
        ],
        [
          0.1961,
          0.2046,
          0.1988,
          0.2035,
          0.1971
        ],
        [
          0.1968,
          0.2043,
          0.1993,
          0.2024,
          0.1971
        ],
        [
          0.1981,
          0.2036,
          0.2,
          0.2007,
          0.1976
        ],
        [
          0.1966,
          0.205,
          0.1995,
          0.2029,
          0.196
        ]
      ],
      "note": "mean_max_prob ~ 1/n_levels + entropy ~ log(n_levels) = near-uniform policy; treat its deterministic dial as a tie-break artifact, not a learned dial",
      "verdict": "NEAR-UNIFORM: the deterministic dial is an argmax tie-break, not a learned policy"
    },
    "dd08": {
      "mean_max_prob": 0.2079,
      "mean_entropy": 1.6091,
      "max_entropy": 1.6094,
      "argmax_varies_over_grid": false,
      "leaf_action_probs": [
        [
          0.1991,
          0.2032,
          0.1976,
          0.2079,
          0.1922
        ],
        [
          0.1991,
          0.203,
          0.1975,
          0.2075,
          0.193
        ],
        [
          0.1989,
          0.2032,
          0.1975,
          0.2079,
          0.1925
        ],
        [
          0.1983,
          0.2037,
          0.197,
          0.208,
          0.193
        ],
        [
          0.1987,
          0.2036,
          0.1975,
          0.2081,
          0.1921
        ],
        [
          0.1991,
          0.2033,
          0.1978,
          0.208,
          0.1918
        ],
        [
          0.2,
          0.2029,
          0.1984,
          0.2074,
          0.1914
        ],
        [
          0.199,
          0.2037,
          0.198,
          0.2083,
          0.1909
        ]
      ],
      "note": "mean_max_prob ~ 1/n_levels + entropy ~ log(n_levels) = near-uniform policy; treat its deterministic dial as a tie-break artifact, not a learned dial",
      "verdict": "NEAR-UNIFORM: the deterministic dial is an argmax tie-break, not a learned policy"
    },
    "dd12": {
      "mean_max_prob": 0.2064,
      "mean_entropy": 1.6091,
      "max_entropy": 1.6094,
      "argmax_varies_over_grid": false,
      "leaf_action_probs": [
        [
          0.1964,
          0.1948,
          0.2036,
          0.2054,
          0.1999
        ],
        [
          0.1963,
          0.1958,
          0.2029,
          0.205,
          0.2
        ],
        [
          0.1962,
          0.1944,
          0.2034,
          0.2058,
          0.2002
        ],
        [
          0.1955,
          0.1904,
          0.2039,
          0.2084,
          0.2018
        ],
        [
          0.1958,
          0.1932,
          0.2039,
          0.2065,
          0.2005
        ],
        [
          0.1962,
          0.1936,
          0.2042,
          0.2059,
          0.2
        ],
        [
          0.1971,
          0.1964,
          0.2043,
          0.2039,
          0.1983
        ],
        [
          0.1961,
          0.1931,
          0.205,
          0.206,
          0.1998
        ]
      ],
      "note": "mean_max_prob ~ 1/n_levels + entropy ~ log(n_levels) = near-uniform policy; treat its deterministic dial as a tie-break artifact, not a learned dial",
      "verdict": "NEAR-UNIFORM: the deterministic dial is an argmax tie-break, not a learned policy"
    },
    "e28A_depth2": {
      "mean_max_prob": 0.2096,
      "mean_entropy": 1.609,
      "max_entropy": 1.6094,
      "argmax_varies_over_grid": false,
      "leaf_action_probs": [
        [
          0.1944,
          0.2093,
          0.1947,
          0.1963,
          0.2054
        ],
        [
          0.1957,
          0.2102,
          0.1929,
          0.1959,
          0.2052
        ],
        [
          0.1951,
          0.2098,
          0.1939,
          0.1961,
          0.2051
        ],
        [
          0.1949,
          0.2084,
          0.1955,
          0.1967,
          0.2046
        ]
      ],
      "note": "mean_max_prob ~ 1/n_levels + entropy ~ log(n_levels) = near-uniform policy; treat its deterministic dial as a tie-break artifact, not a learned dial",
      "verdict": "NEAR-UNIFORM: the deterministic dial is an argmax tie-break, not a learned policy"
    },
    "e28R_0": {
      "mean_max_prob": 0.206,
      "mean_entropy": 1.6093,
      "max_entropy": 1.6094,
      "argmax_varies_over_grid": false,
      "leaf_action_probs": [
        [
          0.1964,
          0.2002,
          0.2017,
          0.2058,
          0.196
        ],
        [
          0.1962,
          0.2002,
          0.2015,
          0.2054,
          0.1967
        ],
        [
          0.1962,
          0.2,
          0.2017,
          0.2058,
          0.1963
        ],
        [
          0.1962,
          0.1985,
          0.2017,
          0.2067,
          0.197
        ],
        [
          0.1962,
          0.1998,
          0.2018,
          0.2062,
          0.196
        ],
        [
          0.1965,
          0.2001,
          0.202,
          0.2059,
          0.1955
        ],
        [
          0.1972,
          0.201,
          0.2019,
          0.2052,
          0.1947
        ],
        [
          0.1964,
          0.2005,
          0.2022,
          0.2061,
          0.1947
        ]
      ],
      "note": "mean_max_prob ~ 1/n_levels + entropy ~ log(n_levels) = near-uniform policy; treat its deterministic dial as a tie-break artifact, not a learned dial",
      "verdict": "NEAR-UNIFORM: the deterministic dial is an argmax tie-break, not a learned policy"
    },
    "e28R_1": {
      "mean_max_prob": 0.21,
      "mean_entropy": 1.6088,
      "max_entropy": 1.6094,
      "argmax_varies_over_grid": false,
      "leaf_action_probs": [
        [
          0.1961,
          0.2069,
          0.1948,
          0.2098,
          0.1925
        ],
        [
          0.1958,
          0.2067,
          0.195,
          0.2096,
          0.1929
        ],
        [
          0.1958,
          0.2069,
          0.1947,
          0.21,
          0.1926
        ],
        [
          0.1956,
          0.2074,
          0.1936,
          0.2104,
          0.1931
        ],
        [
          0.1958,
          0.2072,
          0.1944,
          0.2101,
          0.1924
        ],
        [
          0.1964,
          0.2068,
          0.1948,
          0.2097,
          0.1923
        ],
        [
          0.1972,
          0.2063,
          0.1956,
          0.2086,
          0.1923
        ],
        [
          0.1965,
          0.2071,
          0.1946,
          0.2099,
          0.1918
        ]
      ],
      "note": "mean_max_prob ~ 1/n_levels + entropy ~ log(n_levels) = near-uniform policy; treat its deterministic dial as a tie-break artifact, not a learned dial",
      "verdict": "NEAR-UNIFORM: the deterministic dial is an argmax tie-break, not a learned policy"
    },
    "e28R_2": {
      "mean_max_prob": 0.2111,
      "mean_entropy": 1.609,
      "max_entropy": 1.6094,
      "argmax_varies_over_grid": false,
      "leaf_action_probs": [
        [
          0.1987,
          0.199,
          0.1929,
          0.2106,
          0.1988
        ],
        [
          0.1984,
          0.1986,
          0.193,
          0.2105,
          0.1996
        ],
        [
          0.1984,
          0.199,
          0.1926,
          0.211,
          0.199
        ],
        [
          0.1979,
          0.1997,
          0.1916,
          0.2127,
          0.198
        ],
        [
          0.1984,
          0.1993,
          0.1925,
          0.2112,
          0.1985
        ],
        [
          0.1992,
          0.1993,
          0.1931,
          0.2101,
          0.1983
        ],
        [
          0.1999,
          0.1993,
          0.1943,
          0.208,
          0.1985
        ],
        [
          0.1994,
          0.2,
          0.193,
          0.2103,
          0.1974
        ]
      ],
      "note": "mean_max_prob ~ 1/n_levels + entropy ~ log(n_levels) = near-uniform policy; treat its deterministic dial as a tie-break artifact, not a learned dial",
      "verdict": "NEAR-UNIFORM: the deterministic dial is an argmax tie-break, not a learned policy"
    },
    "e28R_3": {
      "mean_max_prob": 0.2081,
      "mean_entropy": 1.6091,
      "max_entropy": 1.6094,
      "argmax_varies_over_grid": false,
      "leaf_action_probs": [
        [
          0.1944,
          0.2034,
          0.1955,
          0.2075,
          0.1992
        ],
        [
          0.1945,
          0.2023,
          0.1956,
          0.2073,
          0.2002
        ],
        [
          0.1942,
          0.2031,
          0.1952,
          0.2079,
          0.1996
        ],
        [
          0.1938,
          0.2034,
          0.1937,
          0.2099,
          0.1991
        ],
        [
          0.1942,
          0.2034,
          0.195,
          0.2083,
          0.1991
        ],
        [
          0.1947,
          0.2039,
          0.1955,
          0.2073,
          0.1986
        ],
        [
          0.1953,
          0.2043,
          0.1969,
          0.2053,
          0.1983
        ],
        [
          0.1943,
          0.2051,
          0.1956,
          0.2076,
          0.1973
        ]
      ],
      "note": "mean_max_prob ~ 1/n_levels + entropy ~ log(n_levels) = near-uniform policy; treat its deterministic dial as a tie-break artifact, not a learned dial",
      "verdict": "NEAR-UNIFORM: the deterministic dial is an argmax tie-break, not a learned policy"
    },
    "e28R_4": {
      "mean_max_prob": 0.2066,
      "mean_entropy": 1.6092,
      "max_entropy": 1.6094,
      "argmax_varies_over_grid": false,
      "leaf_action_probs": [
        [
          0.1991,
          0.1968,
          0.2064,
          0.2032,
          0.1946
        ],
        [
          0.1991,
          0.1974,
          0.2057,
          0.2029,
          0.1949
        ],
        [
          0.199,
          0.1966,
          0.2063,
          0.2032,
          0.1949
        ],
        [
          0.1985,
          0.195,
          0.2067,
          0.2035,
          0.1962
        ],
        [
          0.1987,
          0.1963,
          0.2067,
          0.2034,
          0.1949
        ],
        [
          0.199,
          0.1962,
          0.207,
          0.2033,
          0.1945
        ],
        [
          0.1996,
          0.1972,
          0.2066,
          0.203,
          0.1936
        ],
        [
          0.1988,
          0.1959,
          0.2076,
          0.2036,
          0.1941
        ]
      ],
      "note": "mean_max_prob ~ 1/n_levels + entropy ~ log(n_levels) = near-uniform policy; treat its deterministic dial as a tie-break artifact, not a learned dial",
      "verdict": "NEAR-UNIFORM: the deterministic dial is an argmax tie-break, not a learned policy"
    },
    "e28T_warm": {
      "mean_max_prob": 0.7263,
      "mean_entropy": 0.6128,
      "max_entropy": 1.6094,
      "argmax_varies_over_grid": true,
      "leaf_action_probs": [
        [
          0.1215,
          0.1233,
          0.1232,
          0.2056,
          0.4264
        ],
        [
          0.1467,
          0.1475,
          0.1475,
          0.1914,
          0.3669
        ],
        [
          0.1253,
          0.1275,
          0.1273,
          0.2077,
          0.4122
        ],
        [
          0.0723,
          0.0736,
          0.0735,
          0.2106,
          0.57
        ],
        [
          0.0982,
          0.1001,
          0.1002,
          0.2188,
          0.4827
        ],
        [
          0.0037,
          0.0037,
          0.0037,
          0.0052,
          0.9837
        ],
        [
          0.062,
          0.0632,
          0.0624,
          0.1152,
          0.6972
        ],
        [
          0.0019,
          0.002,
          0.0019,
          0.9124,
          0.0818
        ]
      ],
      "note": "mean_max_prob ~ 1/n_levels + entropy ~ log(n_levels) = near-uniform policy; treat its deterministic dial as a tie-break artifact, not a learned dial",
      "verdict": "structured policy (trained signal present)"
    },
    "pure_return": {
      "mean_max_prob": 0.2208,
      "mean_entropy": 1.6053,
      "max_entropy": 1.6094,
      "argmax_varies_over_grid": false,
      "leaf_action_probs": [
        [
          0.1698,
          0.1983,
          0.2089,
          0.2175,
          0.2056
        ],
        [
          0.1688,
          0.1973,
          0.2088,
          0.2188,
          0.2064
        ],
        [
          0.1681,
          0.1974,
          0.2088,
          0.2196,
          0.2061
        ],
        [
          0.1641,
          0.1937,
          0.2079,
          0.2261,
          0.2083
        ],
        [
          0.1685,
          0.1969,
          0.2089,
          0.2195,
          0.2062
        ],
        [
          0.1706,
          0.1986,
          0.2089,
          0.2167,
          0.2051
        ],
        [
          0.175,
          0.2017,
          0.2092,
          0.2111,
          0.2029
        ],
        [
          0.1724,
          0.2,
          0.2091,
          0.2146,
          0.2039
        ]
      ],
      "note": "mean_max_prob ~ 1/n_levels + entropy ~ log(n_levels) = near-uniform policy; treat its deterministic dial as a tie-break artifact, not a learned dial",
      "verdict": "NEAR-UNIFORM: the deterministic dial is an argmax tie-break, not a learned policy"
    }
  },
  "verdict": "10/11 heads NEAR-UNIFORM => E-27's 'constant dials' were argmax tie-breaks of near-untrained policies; the exception(s) ['e28T_warm'] carry real structure (the teacher lever). E-28 lever-R (budget->dial mapping) and lever-I (+/-2 nats on near-zero logits) are DOWNGRADED accordingly; lever-T stands."
}